209.24573208894736
299.71281158464035
359.62341523454455
377.35869760749944
393.4337807711019
606.2432391658378
770.1990460884267
819.6512646655884
901.0011598354129
1310.6953255476728
1371.2604158914398
1445.137693779086
1599.7972959753693
1721.519839448261
1788.3859976643103
1790.8323414348338
1838.4836829701158
2017.2044778233421
2047.8110468973632
2301.1994061301943
2341.2026724080943
2404.614716724407
2476.4823588108943
2508.2023275107113
2727.0287022923562
2751.0711348320947
3138.4251569456123
3189.2097553598564
3353.2480563687404
3445.3249001253903
3472.5786987037654
3562.6810621092186
3676.8872847292473
3702.7228973198435
3747.1972981212075
3828.461717255761
3846.0954797315817
3962.3643983331403
3997.236552391059
4110.1462886312565
4285.622007947343
4286.047427842054
4317.7112939193685
4369.4008892104075
4456.365223097003
4638.606850521909
4660.52983868671
4734.200785366726
5137.3187924483755
5181.638395868249
5192.837400326589
5268.596252467851
5270.7945709212445
5308.902682527672
5320.873391656455
5394.823195399412
5704.7726969893365
5828.932602443315
5841.092596112341
5945.174520545937
5958.865296085525
6183.945415570313
6246.7975964092375
6262.246851586695
6331.8318405508835
6377.577398349311
6421.645387529696
6466.1594768835275
6587.542558892823
6670.632475331739
6741.917576847034
6927.846145194882
7127.227017589843
7147.413866664276
7220.755775533051
7264.475099725742
7338.515260311684
7430.287309564643
7447.542140654228
7640.681048494802
7731.904956462398
7927.6086405652095
8001.494626109995
8005.393649042058
8019.794914043244
8126.929749054523
8213.525423134415
8358.74164666852
8383.497180805321
8538.332678862993
8729.594330207025
8827.900360435704
8870.691338723323
8984.458929897888
9486.046095656087
9526.420633484622
9591.266171569545
9712.642471585243
9783.205112290694
9790.043306725382
9854.526872410695
9926.42463365434
9928.326705502022
9993.624036314874
10184.907758348016
10264.067661392539
10359.003711015892
10397.344310453049
10507.427809524452
10622.417854817291
10663.924144664405
10685.885806096861
10716.729227059363
10835.797107988697
10903.746741821662
10906.186588716804
10954.979192845825
11060.526372511236
11409.015013943836
11433.693255231172
11741.413192033811
11842.123937584847
11960.153416776953
11987.200629603734
12103.910255585959
12148.24159623723
12267.233289167212
12286.138681721348
12314.579633793443
12391.417814867178
12482.276420759097
12487.131994610978
12785.556987338665
12993.9487461051
13393.336704210513
13487.570342024357
13585.975562383568
13590.640218714256
13619.929521635699
13964.637661942237
14115.522605106657
14233.841759530675
14342.91313188597
14372.311145067197
14516.704402397607
14540.996794696948
14673.568791523805
14833.096244787192
14859.405539366799
14939.091633388158
15312.595046024413
15369.18186414261
15502.479366232481
15607.013619775023
15745.75476443557
15772.765339292084
15832.217584172515
15872.586371989817
16007.917156640062
16072.288527361834
16129.822524563897
16283.514273400668
16390.73154097802
16568.83035255249
16775.200018826043
16798.338080374375
16828.397074502787
16989.908806051735
17037.89930798515
17147.646345299094
17246.177343567015
17272.757518363036
17363.05747931266
17517.112438452066
17608.534764825636
17610.959967793828
17843.720289959612
17850.785471280196
17884.35714159864
17981.549362457143
17987.874001917262
18101.943804661147
18116.59143380204
18229.42431270581
18261.311721336515
18576.578220090025
18603.380408657966
18706.88569231248
18729.41665897443
18817.162943816402
18861.970929348427
18894.693396695715
19101.125283738533
19122.316105823844
19219.132864751176
19304.013710879775
19375.65472898597
19544.336623260442
19554.668898858417
19616.351517846586
19767.090007863822
19829.418842353818
20104.222107820737
20219.01322488395
20267.610385416978
20362.038319909047
20386.589114070175
20425.620588197024
20460.442026440905
20577.25209469684
20681.976948439595
20752.447732072855
20824.151009521396
20932.184218913342
20961.917578298704
21054.618081884513
21095.489152520975
21131.54843513857
21211.760786589162
21265.952485073525
21359.451318701194
21401.771920117542
21583.504179268122
21591.422038122797
21612.337497170764
21956.14922353235
22236.413500317874
22395.904156301083
22702.30862021969
22727.231183743013
22754.53559774344
22851.983549720357
23022.14123099361
23026.754838172936
23095.82984748851
23420.248703587964
23888.30769360927
23904.341722093224
23951.602361533063
23970.646143267084
24063.168115442135
24084.505534106673
24119.469096363533
24772.538506095974
24803.816310716185
24903.816082681897
24964.508809179722
25053.746902692164
25269.851889367183
25324.77403571267
25376.697394415016
25539.459393135123
25783.67760599751
25827.681289618642
25865.53692355481
25935.969313351103
25979.004931901283
26073.277783097652
26130.90373432213
26145.143603345477
26147.64608684248
26164.12487375721
26309.881012892733
26365.393170578278
26372.08127188315
26492.52418267839
26508.083842185424
26709.72974376411
26816.185012473452
26838.503048002836
26859.547906054813
26941.781386408835
26970.538581091474
27275.296504087408
27389.148479987813
28017.568181527462
28245.369632987295
28256.770366988214
28391.377673452123
28466.490619610522
28572.130054725476
28658.404723204545
28677.990766343886
29164.178567789244
29334.913643347936
29406.930988297132
29427.28719101637
29518.158152825148
29835.541943455555
29838.65835615357
29885.654849621347
30016.037689819073
30019.574454071797
30041.963078274992
30383.5321986211
30533.104614891403
30567.618190667312
30704.398442026315
30706.16837575515
30732.805408086682
30740.76473901196
30838.041786330727
30858.834171832583
30902.830485824405
30971.017741831274
31054.009049453023
31062.398262777802
31506.690042267084
31574.323076803477
31592.56742444456
31727.295444961346
31898.845591669367
31952.198098994566
32268.013036813147
32499.68907622559
32665.662209103662
32837.06108567057
32907.92102506286
32976.083624925945
32979.039968840865
33200.76010367664
33357.98638972711
33713.25226757658
33755.29881125638
33901.07537678124
33930.05958406557
33961.53651866478
34077.80740703206
34176.335700007374
34229.35795215587
34677.960621522565
34769.06843225158
34855.994747949015
34891.59427934305
34971.006987540124
35042.71379040088
35223.719469276104
35307.73973009231
35494.73004080401
35603.03810662055
35604.2899740471
35638.14807439783
35670.534525492054
35722.53657397571
35821.004943589076
35828.65359893951
35929.740579444435
35947.396466339174
35979.19284955028
36054.23282424286
36173.58016972556
36237.17331468973
36285.15681960618
36385.422249763025
36598.89063368238
36641.72692032921
36786.48932214531
36848.992842003405
36892.96358607439
36897.58126224897
36926.25228083851
37155.44710760205
37182.622038607115
37255.06976198817
37273.327809643655
37296.87684431299
37485.525837536006
37674.487022517314
37733.523396582714
37923.37595581346
37924.501094289386
37935.71446883806
38176.57330952021
38281.654893605446
38333.80022268669
38407.07761488101
38530.49774643924
38601.089103449325
38627.78623416061
38645.775205928454
38728.97333975841
38729.368695686484
38836.22652864862
38836.47325231142
38950.75181253893
39080.23902895524
39209.65445485743
39241.86508247932
39250.10179085336
39398.544414453114
39424.91335907621
39557.40547507425
39627.30102958025
39922.61053007401
39984.37012406298
40068.565188836554
40147.771617181694
40162.54247471599
40189.875446568454
40191.67858822043
40414.331346607854
40435.831413077205
40674.387955529746
40706.34026716314
41218.712060828155
41409.20864942841
41563.412436984516
41777.40407152316
41921.87866241183
41926.77643767978
42248.91620390355
42372.70539337316
42378.52574491887
42441.55180067111
42626.53759615691
42722.37230796693
42903.446062328214
43184.941994250235
43483.13284687032
43488.90637968378
43492.99980585932
43589.018553520254
43602.928978605756
43712.97382283157
43778.53528290636
43793.43218143698
43846.698494440105
43939.31506062865
43945.15635763246
43981.24150117336
44032.39163808683
44293.952161278896
44664.20701337958
44848.75410450512
44864.055350985946
44937.694188729394
44979.38305450525
45075.884207116156
45187.60236203075
45556.06037108282
45632.019542380396
45703.71730257579
45857.84105255794
46067.298377530984
46186.86423043521
46282.489628884905
46649.26652109853
46873.64957268011
47000.90007555078
47315.61562402983
47421.75575838766
47525.812275172815
47939.608411193454
48113.832101251384
48152.94035046323
48359.08582828864
48493.097492984154
48527.05827023899
48780.400655397316
48880.76672192536
49127.469392401305
49134.55649863623
49229.23136883901
49454.019729377964
49739.962176332476
49859.87156960488
49919.943357426775
49954.18291038588
49970.42704527439
50028.31706915642
50252.29841692399
50272.49954506003
50355.661306437636
50560.08193120671
50601.21830468467
50677.41148293424
50713.10086402684
50811.021002994414
50885.701466883795
51028.04565097695
51136.96767831503
51301.15450555567
51384.23608736471
51479.830588335804
51542.286677683514
51751.55996482042
51929.36667810699
51977.978149044764
52144.57368615015
52151.57507123518
52235.76384720687
52422.301337177574
52442.53316365639
52644.15843621556
52714.51160034361
52724.07165052206
52740.574686425425
52816.045138310765
53038.42362165004
53435.260903932955
53690.148763584664
53774.284393832735
53982.50538470619
54051.91225350259
54104.97524527411
54132.22845143707
54253.72419978865
54351.48445451975
54383.96943125911
54515.77772154431
54521.52875111418
54632.1649817861
54906.55531501852
54998.62679009848
55108.57265375192
55452.04181597933
55588.14396745021
55779.36356691468
55780.54872513651
55862.33124921921
55921.07350054951
56158.010241418364
56159.750640484686
56308.18851956312
56483.25773473586
56562.739465223785
56718.49842458023
57206.801959031254
57323.262324909505
57453.253145284776
57546.465289032574
57655.66446169227
57724.04688375978
57797.363671214094
57818.322464844474
57922.904458581004
57973.326053956494
57986.561974502234
58059.072010165684
58167.83528337082
58332.88074319353
58356.57274691073
58416.234989995064
58459.846430662255
58461.99958759568
58508.61839748802
58519.75001633818
58641.85748902765
58927.91673417876
58975.36071430361
59165.979569058145
59331.788282707224
59349.80863053151
59598.94387850275
59908.17538447005
60092.098269517126
60093.39456487991
60131.40359467548
60221.55883122194
60295.355004904835
60352.12632104684
60408.136144403434
60423.070352656934
60606.889290319596
60941.61048981498
61055.94177604345
61057.60159111294
61076.23253453531
61103.28604462072
61141.32540358357
61538.69955965351
61733.186605896815
61794.18106889237
61926.91052667205
61994.44890843788
62004.130721338945
62030.254583698996
62116.305172650056
62116.67187642947
62243.705067568335
62255.41745192984
62265.14869261973
62325.138687616774
62386.21924976798
62429.467493492404
62435.240314618604
62440.39744242956
62503.21086025814
62547.14914899161
62569.61788075521
62621.147762499626
62666.12553981968
62768.44095425881
62864.21201020953
62953.52786108179
62989.34325484479
63036.04501067952
63247.90159023485
63386.18694585539
63562.82087496156
63667.86874632691
63905.600494478575
63939.538237314395
63990.85369544384
64047.37577242047
64059.01724045442
64108.323203933105
64266.91771611083
64290.03632461174
64295.27901387233
64342.51629767409
64395.308407243625
64568.28844356159
64618.68960429552
64725.55784418295
64781.49506291156
64878.699379440666
64998.50725981612
65076.9024566731
65222.88466160373
65349.614317696454
65401.114350953496
65477.72362223092
65637.02062619542
65692.47560810356
65727.12909650971
65828.12397292332
65851.67453639254
65895.37422121844
65903.23054350844
66086.2915712207
66467.53508171068
66476.02279939868
66505.66365717402
66544.67261698248
66650.83462917851
66663.17274001826
66687.31209704609
66855.76850918283
67111.06842669568
67121.56897045662
67148.92483136177
67219.68434598704
67309.28738330891
67427.49919783071
67495.41533692741
67688.18842918648
67717.23812951178
67732.81388531333
67780.5236892598
67855.51630413195
67926.77332000047
67974.93037278694
68108.92285891251
68287.92911427892
68293.70309941104
68336.27326655963
68528.20714760409
68630.12095881107
68719.21296354212
68820.50953416877
68830.74787596616
68848.19119797737
68873.78345872276
68991.55281269409
69185.83139460739
69339.69145961636
69351.93782151332
69392.59677857837
69500.99299311316
69660.68626852249
69811.29942244296
70041.68085711531
70047.65122709607
70053.8356653061
70240.87654745272
70604.51809099402
70655.08327119405
70830.21310298651
70922.48298477042
70928.20499530519
71117.98130198341
71314.05113467667
71351.1382562966
71411.71985070298
71452.64666698048
71459.79824254788
71625.35652537398
71679.85414491365
71706.39115125731
71717.65642183193
71772.19256484968
72040.83520699451
72184.31234485623
72337.32574624837
72348.2466118884
72352.60558319671
72425.24849739991
72428.40947473308
72493.98866385111
72616.74177117464
72620.58384771852
72648.44987575353
72661.89898336981
72758.96395410513
72819.71140702753
72901.54104030058
73086.37997088184
73192.81473644536
73233.26260515966
73245.88318269793
73346.96423718623
73367.65132520153
73429.69573328926
73459.70061659129
73665.49700303072
73697.87638924191
73747.47751272075
73800.24403158503
73878.29883966486
74159.39269994386
74191.96336690162
74209.36530335201
74235.83424860281
74435.53459626732
74531.27998375693
74629.91603837973
74633.03523914194
74768.23303872673
74859.48768133462
74969.96976468188
75176.62770065498
75392.23256103568
75614.75885550765
75707.96033670922
75738.56503174486
75897.30804134099
75989.92631967999
76119.99435324017
76221.34740249033
76398.95687253575
76515.14286501547
76564.35790630523
76680.15018192619
76735.29480933801
76736.57494399814
77006.06219489267
77021.61837173493
77035.11827092605
77045.29482339974
77065.83153357237
77124.65488604212
77172.85997229359
77457.14303423064
77691.83773480314
77878.15301436781
78003.27071305913
78010.14532338685
78117.22914626721
78416.18010933492
78448.7723913896
78468.17811071344
78473.38864994369
78478.07348042491
78523.64150663307
78565.92449836757
78568.46505928836
78569.48756489814
78579.62117094031
78694.55994243111
78771.97403886731
78790.48693632991
78795.16519806966
78812.95441413739
78982.62936514146
78995.74191801884
79017.53943591367
79473.18821013761
79482.9016944441
79488.26856194626
79488.5094297993
79519.72212991666
79542.48868241948
79570.14179295505
79620.86421857128
79655.04766015394
79684.49940419549
79715.24867354412
79865.93644362898
79968.17801661376
79970.94097183686
80017.59709656819
80033.42047120995
80099.78939899248
80295.39119994186
80622.52937953915
80792.69583200838
80920.32224418869
81355.5756904681
81402.06176722051
81418.80098191297
81569.66758313988
81602.66391712122
81666.63346918799
81785.22054523407
81810.5074132986
81829.76957345009
81942.30671630113
81965.51128458208
81988.65252430546
82002.76972974451
82033.57786148674
82194.74870207638
82232.31591722877
82283.94907907459
82405.71399661963
82427.58245869912
82537.47783437448
82618.8293175815
82631.85990976542
82845.25962642251
82880.72503664995
82880.87817934986
82893.15193370513
82910.46360856137
83243.74996607602
83251.54410662915
83307.49782366643
83589.74907969781
83597.65603137149
83695.28241529304
83707.57219638451
83732.41146637451
83756.26418685082
83899.38000702951
83928.94274013552
84190.35738978122
84265.11296688225
84287.40008638511
84418.52729513016
84646.45904159815
84683.93457133733
84710.47982424426
84737.81141340104
84779.23017248225
84796.18743195334
84878.25917865956
85152.83816218704
85193.21289011453
85195.83919415069
85245.57589713657
85309.18324629041
85539.25511430847
85546.09455684412
85551.56381207169
85692.13835508421
85913.25633990826
85967.42971339686
86011.08661476357
86132.96887670306
86152.58917867075
86186.88430050424
86581.24762842969
86720.51497939508
86810.05365357087
86892.68349917245
86962.16720079482
87026.06512516692
87542.87950420276
87591.58442840612
87751.37197774135
87945.18440169793
88108.36990745277
88227.65420482241
88247.7731537031
88318.93731265838
88522.10854700307
88647.91554097475
88657.96570365108
88721.16017954503
88994.3762925953
89087.65305445579
89126.18078027818
89268.27619234107
89415.01765973306
89522.76574476257
89554.19613629222
89600.81963106051
89686.15337444488
89812.43282583187
89881.69189573494
89938.68293490921
90079.36722760253
90347.98606832275
90369.96470313732
90437.50230830058
90446.97594747253
90541.02699088538
90842.1752285442
90946.06805193891
91112.30622200668
91116.67502596577
91182.75577682361
91319.1989000771
91420.30787288575
91568.04262574489
91662.05672091071
91918.6746434428
91933.93575209899
91941.44599892458
91980.88698511441
92074.45870261792
92194.18534861832
92212.23943425229
92255.59739832122
92473.86576692353
92623.59071513615
92658.05488492161
92957.11176652211
92970.78435741298
92981.38285204841
93045.24184015517
93057.32171887491
93340.24670247248
93406.51208178439
93411.48661232658
93466.70851691354
93470.50907463631
93471.56695555191
93612.88536925138
93704.55149056557
93916.47291715129
93954.4639413895
94088.95313709114
94138.37095339829
94230.38151672536
94252.83762202309
94564.93406608561
94612.81569532579
94616.86229297612
94724.54682424631
94754.98804644607
94836.8960834096
94959.60801186481
95037.42907580515
95207.42785155153
95246.94322762471
95305.62291297721
95313.08894231771
95325.39949913119
95327.11323520928
95376.32644437361
95827.90042458117
95904.98509443391
95947.58974022375
96011.21991170937
96026.22934769026
96052.33436991765
96072.01578125187
96082.77770479943
96114.12884267193
96126.43537962653
96160.25608736392
96209.97738605263
96227.52813496137
96276.90281858027
96606.13384244786
97105.26519053862
97270.89136997718
97318.62830791468
97360.85388282556
97361.07799757313
97481.38622403171
97506.05556770386
97559.89242599842
97644.68425349734
98096.96679865899
98242.67814107973
98266.4269262994
98311.22576272102
98598.96309116986
98621.1116546042
98622.22691761187
98705.56628274357
98745.77406477444
98898.2010020111
98941.20201695891
99055.19317694956
99143.29650590857
99153.5713482238
99211.98640927624
99234.62264610935
99285.02847776447
99357.50888645636
99365.66527689392
99479.23997560654
99691.58375102782
99730.16338722437
99786.99526802314
99809.68706358207
