56112.635228585391
23253.305494302471
37968.111493698531
58694.961436064941
30737.5779385439241
71228.353410804511
23989.068762348911
82277.889426194871
52371.977787268811
36460.366965095781
47378.651160791931
14025.6671051255831
7943.8615684632731
80597.700518026541
85724.348887441131
43664.199591400491
15297.3549355588711
52585.931910723211
33070.347567991861
98275.061958051711
73845.233712059341
96475.963923386571
77233.328943522271
7680.0039041967421
83038.49909335351
91591.529466465871
14944.1612246114641
75770.389805983371
4046.6534620206331
49204.649634476821
60726.698961869991
61275.795462596641
76858.751786554581
5590.3031070364761
6303.878820407861
13751.2442915606831
94956.719563028671
45179.1214868618261
91325.166440590171
80972.57035388771
82778.842619006681
59499.708000134621
53338.328141447881
2464.7394501934651
17382.721496998321
97699.682891522841
35182.415932139311
30547.922897627821
85033.398705260031
92657.373439904291
41357.7398089237761
75071.448022535961
65883.773613847751
53043.593755012511
51432.530645901221
50915.753471291791
95480.836555050091
96165.698578719851
18174.886690789161
18377.7700795705421
60522.616684672061
59023.6841092690161
852.50188654628631
45715.192806649581
48107.233638618741
65730.855846501261
10021.615817336451
90410.339759936451
82656.72229067061
48299.129503019661
69130.451031314051
91124.399171551331
52764.835349059661
14761.7859222042951
30391.420786921431
85848.090212597741
51409.343284288491
33704.083219335191
17630.1906120053351
23414.8122086323861
27285.7938457549241
57494.843000466681
7198.650866504931
15327.63148314451
72461.110718193931
37859.73260643911
99542.748459766691
82761.525061019841
52111.780338982281
96909.682413695231
78645.001047926561
89637.508537699131
15802.8152631450541
4335.4395686047711
4315.4807333952051
16825.3801632378131
16580.0874163276281
77202.053077865041
33183.902361380721
24817.0381211474381
4089.99064670338981
62624.573482437541
18249.3940639562351
72622.418289895931
51006.86520615651
85579.081606908831
93973.43510032581
9175.2879183757961
18239.9408591381831
44200.663057762021
14155.3078518485421
30196.303376694011
63708.074451166261
13142.7053485619451
73208.39841540011
98245.849776576461
51911.808541910751
71919.507445908531
7959.4806743996661
56609.363882198161
27098.845735814461
9626.8523624114531
46722.147755704491
28693.0367674698721
71510.333010605731
70032.848527702621
45149.32215437121
83767.844147656971
82011.789942684071
91754.017397376231
24248.83734031551
67185.123810008921
63353.921404730611
67079.239468545351
4949.8209529793341
38597.0162090677551
54374.9663179165361
89976.840085005361
15736.6873340277221
35250.2295949179241
74647.634477592521
88917.747980733391
35121.3050224040341
79081.783516722611
3390.07184722454081
43370.321739834451
19102.9017343180571
76130.524351682351
79901.748516634831
64170.0913824451351
55269.168506682431
14688.3621963931021
45351.5069136094751
77440.304119522861
79820.85887870511
54650.329161845321
29436.4822414552761
89336.857539761541
91556.19409194671
14682.72122627321
22246.936817650221
24613.820458979051
97730.202814670281
6113.7637920787861
61613.5419742497541
25853.412506437911
30708.06868705731
32861.344067039541
9279.9661335267411
72176.977148926031
81460.467127068891
75247.563140123971
85435.091066238941
26351.134791692421
6202.7607236688981
2209.9938642067051
80455.562617980731
47425.950296082091
75858.842328862041
11204.6782888754351
65150.779738486091
12389.6046378757511
54534.336840212171
78006.075307516951
76368.854350899391
74796.750320002131
12812.7146848076351
9644.3023782710861
63513.4584569990041
50925.339809513471
4441.8840036547731
32880.2134267232251
43337.906277344031
64739.381292064411
60857.613650973431
17903.9290946237381
25324.1893938405451
1782.77258575336711
86994.14389078891
32352.7057384398361
38021.1303770899761
19101.983351596751
73961.187604071431
44279.0802617663361
7907.19772059210751
33393.000598122211
79420.466723321951
44360.440456271621
16659.9363765576161
62790.64525432981
64873.8115158642541
37426.3274699819451
90155.383991417341
29066.0158913790841
20578.7547084530961
61289.909611747591
53087.245191704571
36470.438880326581
53436.4976556486651
26905.2256006388051
16786.9998739928921
31062.0007287243131
60950.971731831471
38031.9790886694251
54642.508524603551
10073.3739324467171
65236.677958338151
40874.78839790821
59454.146483514791
94727.313307822481
35056.870828127251
74573.979598349791
70133.826254895631
1878.83731848158551
81002.535846672381
41960.1306510079451
1343.70875391814911
49960.801827788641
69176.576425814671
96644.796244571
8987.8415566882921
12932.177450057881
62126.470301178361
47304.900432826691
76911.31879135131
92276.063368073711
62272.6006207659741
12928.5601938090351
15727.9703643591671
11567.0493604517871
2708.34984984354971
23825.1311737782451
23389.0383850223661
50725.277823759391
3001.9714534487261
52362.556769638581
68921.645862893131
27797.1384061018731
83509.150446996971
74680.127330986361
25707.315622498351
4950.2355933728651
10709.062130080461
10035.0093661905071
98737.177094522651
42342.900060646781
28205.6460892289321
57976.024607520071
61471.8990790520041
48626.187028557481
13289.7611645718121
55198.309541165771
42250.847968061011
80058.931331101411
87336.70813988481
3717.6362466057931
77636.284644704411
21564.145007696481
99817.604419108741
79913.381740555731
80644.896740891671
42527.60459947541
331.92616838869651
20024.209219201041
55510.3613222231
57737.255976839171
10822.5008245664611
91840.759721067331
27436.968732390221
39584.578674389291
11013.0921198296151
4624.7413179330571
45745.8601169873151
21496.862624387991
54112.660092618581
79694.025124461831
61881.714376239231
4541.8320120954261
36959.237524265891
2648.44050747770051
79939.229883672981
29243.9011000437571
59030.365376604811
4871.2083665988891
26685.103763728681
2873.81426500761241
18125.7961085607421
76725.990210369161
90492.576288162471
78821.235827900281
7032.2133491241611
97779.819431730621
34172.1379811406151
69132.38123371391
95108.55544317331
80417.226465231421
95373.266142949641
33892.566628546851
1484.42814557191451
62371.08265780541
50048.5350988335341
31856.0833035446341
92443.024375955631
50980.85263846151
29412.8697822913641
35573.54472768231
64563.902188967681
17399.0378879199671
48897.0405677445451
11239.4970285862761
7329.7867531228911
62501.832644083821
28786.0012670641771
38580.6928780223241
74155.571090351021
27920.112621059591
60548.982349234351
99328.163238690031
29176.54045007911
5392.0518449607771
309.738771333578651
94163.784798454961
78636.743602595191
5548.8118910458911
51471.70041742541
57504.802705914871
40347.3959375557751
83279.923097924181
32204.2125077422351
27087.3007639097271
52439.0303297608041
80985.116350728761
10312.4568038551081
91032.410743914861
73510.083486855791
43304.5099796768551
27955.010506228641
78926.564631005461
80278.478013736271
77329.253916793721
31739.4833907426621
85419.860798516921
25971.669316692181
80829.827519693831
69917.999288936511
14944.2171309031151
82944.544904648471
37699.428746698331
17720.752016007771
14375.6414997989521
56393.448411865421
84594.933455165881
44307.229872394591
16812.6344397192331
22538.542663242311
85668.179608631691
40381.141232675041
54115.359469088631
14275.585259004621
13315.4248856728341
84206.4881418661
8447.9073698487611
50052.152734563671
22032.9432203720131
35578.5641692347851
63788.615214857371
77602.178425255011
19751.9973010552571
12245.187596094821
87221.040111443251
83176.674678641621
86436.474501368561
21339.7459896971671
16790.9104879617951
99037.326930659391
63261.6518029075451
89579.167232639621
57811.945869432011
27233.5972611687721
37352.770094438711
60296.225085665141
92726.163882827021
86062.876575290391
76847.18886670931
2817.06351475714561
90971.908011086851
77117.135633772461
28954.059929613521
10261.2314814343521
64785.505721010751
65448.405545429611
79720.645245533991
45532.8512275223551
54460.105676201951
63139.361914720671
88374.548204251131
32088.065013219381
42307.941669729761
7444.1505566502081
51396.243071952141
76005.199067348381
88419.838937276631
28668.5494028554931
21886.5110202609031
48950.5753545082551
53288.5509163812751
10087.4187019960651
8328.5114843581811
57824.253399043991
22460.0740684563241
52451.339109146591
3504.35084122936451
76186.408916954011
76599.789725189331
69013.184027939861
49111.219124737961
15006.4833585851
56707.938795213311
53509.388326734471
24532.284300689931
65843.601602005671
58691.5729025310651
83159.432632764611
59252.698112893631
58258.199990679381
54097.7903186963741
41501.10321833371
7571.2329769473621
35071.1876480934151
74535.737524685941
71757.923272554521
91543.214980478151
64028.3878147087741
16162.4748108600941
439.06820320794851
13500.5780194796591
72494.405783744791
17580.5130257887471
3000.97867844569831
63030.0205788623351
12991.4652334164331
39592.418310638741
18653.835962406061
94950.399651334341
41715.173676504641
28480.6265866453871
59774.902299691021
34615.6740944838751
19600.6010020535651
75828.155051287831
2894.6677476711871
74779.808043303551
26078.406672629171
97368.670157366641
92850.69453577621
64295.293302268871
9352.2217988053931
40951.933894216791
39457.855775215391
53077.005210746321
83844.851072369141
99433.352839072281
36922.668387547711
50048.344817226671
25402.30458659641
48144.02305553881
90233.279229591031
71196.714976223041
7911.02358203119551
48570.259742214441
89885.570790306551
3400.5929471961241
71175.129785289261
59969.3351742097951
36559.7742498451551
86350.56476945591
9216.9011106007061
78870.746262179031
80740.872888763171
19671.855924572481
20605.067337693131
82759.998123389161
8779.9850694071271
35266.0987760897041
67981.978629147261
88714.592615004271
76522.83030140131
35925.1516121484241
52652.048591596171
50359.495849067991
64385.2908379992661
90430.000991360491
21910.3161639959471
7232.0542793978261
3634.94608676565581
92632.916478627331
91731.360901288881
69494.018793701061
2641.45369033690351
37431.177142765881
85505.220209034171
67900.89518993061
83987.445654859621
40075.859822374231
60698.3560309744061
24036.6176415075861
28585.5997262428061
26919.3165061539551
19634.1426301758551
99044.083286013931
11326.422413200311
55490.136293904881
78028.717459170931
60429.8260202091
4285.16431083939551
79694.557992408741
95484.478855197751
65993.731536248221
18145.247744497751
61978.412851781451
55834.920134811711
1532.33173976597961
50249.427515546821
48443.8807840908341
22050.840226331161
24686.9260447885941
8568.8780284732471
65200.48414515081
80359.485315838541
61155.367418289061
84884.255462331121
64639.8550750823561
31294.445800978721
71459.069807857261
57601.697753325631
48859.065356716221
81585.675216865011
56554.408271323851
14880.6890381496631
24117.359036491461
40115.2747881069661
98800.348709319381
2129.50535232832041
94996.354659559731
23606.2353121118361
41141.8203475369741
14427.9949969800981
89843.914698201071
33277.567536213641
91840.969930135791
74066.266654962641
20117.0293393342361
72390.831255364811
4686.0954157777131
56141.785898651251
15399.2421637945571
36429.3333967558361
25330.7771254352451
51036.293997076391
43153.2729506494361
22592.7755971705451
13263.2524566062221
81597.884251564931
17679.6721822557671
73356.474985621961
45878.882858264881
24982.4259605833321
26287.4774426032561
90035.706907239791
86226.09635250181
24362.5008006822281
52343.030650279651
26612.158109268771
49218.927859167731
14090.863552018351
54648.222837688541
1520.80381628675331
32456.8936132744061
23409.3822112957281
70509.637303764771
45662.0420935132351
87265.59940500751
68423.292179702131
45895.188084782171
38595.192859983591
93169.146045138131
89814.549498967081
60235.0195063369761
71686.015427819761
64728.047443453721
44646.892339707941
5708.5889649235111
16922.1676569873961
63524.040826421371
14619.2459483067361
1269.99605946265251
73177.050718014231
10045.7957388187191
50252.878056139451
70198.79890576351
7893.8239144806251
90327.236291688561
30751.7285369622081
86623.719276013731
11477.7873524206531
30412.7918810659361
82654.189082711541
1251.73889763672261
34126.767281259231
68071.589454396611
66898.51192173661
89445.341417713721
80395.504303125651
85655.225471177431
13552.9632451562471
25825.70503312451
95481.49183628711
80591.45402248021
56215.7131593074451
78739.897463617411
89036.075821147531
40728.717346507161
93968.390344530021
35215.2206081197151
7246.0750568801521
60594.182504137481
87771.096532712371
12434.0382725567361
81997.547860298861
81600.529275875121
80315.614979137291
85297.564169925741
57124.7863093804261
64334.445511991041
13607.4614406653151
61307.253045363311
16063.955555667731
4282.4051836678361
6926.2710786954231
63777.586527432521
12672.2792933997031
83696.993667257061
49318.006248482691
42304.193543116491
37540.018846448661
11779.6672556681591
55401.30582270111
15446.437561521531
35813.939405460931
42953.508739710061
31024.2492178640421
64743.708419846791
29367.3253931771141
78722.208533260131
96186.689892726281
41469.846398123261
86093.057198174791
52459.126956766811
16647.2027442417271
17940.267926227161
22162.6281933441021
68442.979271700081
2762.66949542979271
13721.5526852790481
19285.4190173476051
16554.3101747414261
44362.339550634811
53753.3255028629141
88318.906533521861
12269.6243153187171
63837.1563609544761
70177.542222385511
13021.9673667061891
17937.644120304441
86129.067183289331
42580.315146164291
63309.7632927386661
85794.868020287381
43933.89103692841
82386.689898380271
76060.131768390731
25775.223748978861
59185.2561635624951
6308.8526720961441
63337.851193659531
41891.292801942461
67766.0241115141
11033.4460507113041
22844.4729831465231
99812.222065041541
83397.50312360451
56743.818154105071
93467.90027125261
85236.11305270741
28785.6992767172921
90608.193788764931
19997.2555144688051
87752.297234256131
97357.7092980241
93024.889895692741
65384.987746491741
98111.612114290021
47300.307452317421
9200.8873165626121
36379.5860452251
38170.4291183997851
71116.651973800541
36550.194547948481
68918.679944246121
52246.80158188541
28545.9996069185951
74433.614444620731
53363.705163860411
76224.843788299971
78445.118094759691
6921.687690935531
66473.677757152231
66465.998191209841
96109.119300846021
81547.700031306251
16957.13484876311
14433.6268300985341
16513.2560161898151
67427.884040702541
4507.5662373546981
94909.888741967571
1086.13737198192121
24660.9689566661951
38419.2027577263361
95781.6564343111
85878.779425967721
93579.562776685311
61196.313974014891
55594.743290846561
32372.752024436891
17210.8054856316961
75010.667397768271
91423.49806059161
68674.617587953021
43214.088757954261
74428.150405621531
34075.3805952576661
78472.767288533391
12598.628368632481
47516.995769627691
247.85068957893231
67886.655609773371
31683.9445756922361
19266.424256692881
21977.521453998051
16217.3527622937341
41051.402890303351
76185.964663073291
22569.2065712998161
95612.204339302141
40645.134326925581
29022.0868941242881
75165.146592039571
26785.359442728421
3715.8278407699811
41720.187116235091
5212.3271474938561
23189.7787718989931
13961.0428810223351
79076.419438989671
1308.50442137798721
64415.253578923691
90000.799993744061
2965.18976655393271
80255.168000071691
31090.874491605571
19237.4346207802151
77594.631782831461
11618.3547777635181
28199.341120050181
9183.8082220184191
27933.6910353318641
44695.8681690562661
21464.293461218211
78504.138921773411
32270.9501090735361
96512.117062048131
12350.9020597620821
52296.860579649921
19806.6559545888271
53309.453828555911
81223.722840532981
96559.11752765171
87245.832244462481
9977.5260223054941
35334.833489360551
25307.5778549695421
44551.8170662857741
21959.8470772022671
8569.1129322787221
40490.5065336026461
49335.9088147202061
72399.404745872471
73252.446738223371
19611.084490855581
91800.224536633031
63632.826106311551
40832.5527196268161
48892.2454342255661
47717.320076693721
26615.2258977512941
47871.044981022271
10848.302809260991
25621.4843681630051
4455.5699705117751
46539.2062311288251
74288.959708776031
96203.024794501461
6965.0268160959651
44688.906573662661
2066.30304311481451
6838.3216130341821
51968.382815088231
69573.979139706451
87285.671402068771
52254.742836323081
6101.3666375571591
61426.27442043491
52236.309897182131
93521.043278685011
12914.2509013573821
38344.5138492735641
95958.013859752071
91870.124995667681
49324.88435768691
12333.010161924651
56145.005475015471
51302.589238310351
82811.842930540781
77831.151928234441
58998.52731141611
44485.8124588254941
11211.1482343512421
38703.53062250681
66674.7404694531
30154.7421119889731
54577.588380997691
87414.477789657281
96134.691343680591
57036.977187163491
34294.365125107191
989.62197703530431
75488.291218622431
89266.153883554451
18462.4421241138441
72371.095143354121
24334.3223657300331
81313.984029286561
34573.615579576011
52901.803464792051
93133.791661241081
76662.805667579281
50568.99015027261
41928.207651356511
73313.928779507271
3756.7963791050321
3607.2153152656331
22889.820464087531
94585.43830509391
95211.517413371531
12214.4726327093161
11767.6948000957621
58865.682504414021
61827.755018959221
41960.841330726451
53392.930559937961
21235.627789860711
11647.1440769214791
7405.411198171931
73870.259636183151
17518.6211754123761
16103.3482385516181
83775.038930711991
73250.582534779231
55354.115472419051
90264.083243335931
70689.418867362581
21590.2909503251431
31049.695705951021
72225.597653430811
97217.738231474341
3664.1094463328861
8029.8747323620961
57912.692732736911
82649.823654728781
42852.059024578461
94360.3036116421
71853.696440229481
70587.412067085011
23100.1005426357151
86611.198487199971
31941.3005416329431
35308.756561211021
19357.895723118591
5233.9101201245081
96756.50578594881
18832.4897088076981
41526.021769341991
32659.765083293281
67724.357223965661
94704.301421902231
94698.926632720641
79490.42950053861
55186.557444362651
70252.644162310931
59368.74142367141
46434.216757510021
7417.4316902914761
32907.340205890891
99259.051481667591
20052.9246796193771
44676.167451776051
18147.614393404521
11586.5925499305411
38918.9050353708441
36579.607234823631
26743.7381689009671
44802.739798226721
93442.302793241151
10396.2977193398311
47179.136288662351
22245.5846725555641
77413.441412699451
80303.952691762331
45487.4421062974141
26637.2985493324671
92215.623600008841
43218.7817300274261
69211.648917021871
19990.371874687841
15698.6518071884021
95496.675449528021
74790.19049630911
96240.22714939011
86863.611233932941
86622.547332185161
28397.3834263354871
89800.644207468651
24794.5753620712021
40945.570874623051
49113.3931348182741
92242.278581877251
95683.043592256351
46584.4670138651051
60271.455692422591
61423.5323017292761
65326.130675227221
31818.403931000751
89927.842543723881
42656.87257103861
26139.6031299462561
23595.4351222393051
14622.6006019778871
59872.664600114411
67512.077369923141
10231.8666039317271
71946.873613814281
76246.451979202041
66236.84175023611
10942.3269992201861
76905.160891246071
68384.506569392411
9792.8804342980461
88531.688054659671
64658.5942760795951
5916.4499736959031
29406.8756002273771
28396.4521635733141
47957.963206412041
79222.578842680771
12113.125362363731
46924.574642448991
21422.8133481540681
72027.449453140271
81438.414032161981
